-0.952725
7.04755
13.0948
20.778
25.2005
30.311
34.7451
44.6448
46.4409
55.4557
62.3663
64.8264
73.5018
77.1414
85.0194
87.9939
93.31
101.685
107.26
116.493
121.231
127.169
129.173
135.816
142.51
148.279
156.593
159.633
166.123
171.774
182.83
186.103
192.068
197.51
203.57
211.853
216.887
223.107
230.406
235.211
241.801
245.967
253.586
259.214
265.419
271.644
277.261
279.226
286.885
296.994
300.73
308.37
310.165
319.976
321.986
328.136
333.355
344.98
350.656
351.983
358.686
365.823
371.613
380.581
386.904
388.344
398.134
403.161
409.22
415.023
420.315
425.363
430.984
436.673
446.058
449.617
456.136
459.478
469.875
471.254
478.466
487.324
491.731
495.721
506.617
511.4
514.151
521.33
525.499
534.11
538.143
546.658
551.079
560.382
562.251
572.115
576.104
582.489
589.878
595.274
598.622
605.979
612.667
618.128
621.747
629.188
635.444
639.92
650.291
656.406
658.059
666.386
673.853
677.075
685.492
689.747
695.569
701.741
710.34
712.19
719.049
723.524
730.19
735.152
744.096
751.125
758.61
764.61
766.685
776.834
778.901
786.99
794.499
798.964
803.687
811.354
818.787
824.35
829.276
831.387
839.377
847.019
851.776
857.543
866.951
868.929
877.923
881.673
888.699
891.863
899.87
908.406
913.044
915.565
923.773
928.575
933.287
939.29
949.302
953.926
958.681
968.333
972.385
977.925
982.159
991.689
994.019
999.775
1010.21
1013.2
1021.95
1025.12
1031.76
1036.14
1045.73
1052
1058.05
1062.77
1068.6
1072.42
1082.71
1085.67
1092.31
1098.63
1101.13
1107.41
1116.34
1119.37
1130.14
1136.94
1137.34
1145.02
1153.31
1158.11
1162.8
1170.24
1174.28
1183.69
1186.89
1194.6
1197.83
1204.28
1214.87
1218.4
1226.92
1232.64
1237.6
1239.21
1249.76
1254.58
1257.22
1265.33
1273.46
1280.81
1281.07
1291.45
1293.73
1302.16
1307.45
1315.32
1321.02
1326.4
1334.31
1337.46
1346.28
1352.18
1358.23
1359.42
1365.86
1376.51
1381.16
1388.18
1389.74
1398.89
1405.34
1411.22
1413.64
1422.08
1427
1431.07
1438.88
1445.68
1452.09
1455.61
1461.33
1467.35
1473.57
1479.73
1487.62
1494.65
1502.18
1505.86
1514.58
1520.16
1524.16
1530.76
1535.38
1539.29
1549.26
1555.58
1562.16
1564.6
1569.96
1578.52
1586.54
1592.46
1597.86
1599.18
1607.13
1612.93
1621.63
1628.73
1632.58
1636.27
1646.49
1647.95
1653.2
1664.04
1667.62
1672.05
1681.03
1687.67
1690.57
1696.24
1703.07
1711.41
1714.69
1720.47
1728.04
1732.24
1740.83
1748.01
1752.71
1760.09
1764.47
1768.55
1774.54
1784.46
1789.43
1794.92
1797.1
1804.59
1809.8
1817.13
1826.53
1828.71
1833.6
1839.82
1846.68
1851.47
1861.53
1863.75
1874.19
1877.12
1885.3
1887.18
1895.22
1904
1909.14
1912.05
1919.99
1924.77
1934.4
1935.51
1945.77
1948.3
1958.36
1959.86
1966.32
1972.04
1977.81
1989
1992.37
1997.47
2004.23
2011.81
2015.37
2022.07
2030.38
2035.07
2041.06
2043.65
2051.3
2059.44
2061.62
2070.97
2076.46
2080.92
2090.52
2093.61
2099.53
2105.12
2110.51
2116.65
2121.93
2130.54
2135.89
2143.56
2148.84
2152.18
2162.56
2163.01
2171.53
2179.37
2183.66
2188.22
2198.25
2199.36
2205.31
2214.63
2219.07
2228.59
2229.44
2236.43
2244.93
2252.99
2253.43
2263.84
2269.8
2274.07
2278.9
2284.38
2294.21
2295.72
2305.94
2310.98
2318.94
2322.36
2329.31
2335.57
2342.39
2343.34
2354.43
2359.21
2362.61
2372.82
2376.52
2380.67
2389.79
2391.65
2402.34
2405.25
2409.9
2416.99
2421.7
2428.46
2434.64
2440.46
2448.45
2452.69
2462.52
2463.03
2471.64
2478.09
2484.14
2491.71
2494.61
2504.68
2510.08
2515.8
2519.88
2527.4
2530.04
2538.44
2542.95
2550
2555.14
2563.52
2565.09
2572.49
2582.91
2585.87
2594.84
2599.31
2602.04
2607.97
2613.29
2623.41
2628.44
2636.28
2639.37
2648.6
2654.12
2658.24
2666.98
2671.51
2675.33
2684.73
2690.17
2696.66
2697.15
2707.77
2713.93
2717.4
2723.91
2730.17
2738.91
2743.44
2750.57
2756.02
2758.83
2766.29
2771.43
2778.21
2784.02
2791.55
2796.06
2802.49
2810.31
2815.76
2819.1
2824.73
2830.47
2837.25
2845.45
2852.61
2855.62
2859.89
2870.81
2874.17
2877.84
2884.73
2889.41
2898.2
2906.87
2908.75
2913.98
2919.5
2930.11
2932.27
2938.54
2943.58
2954.11
2959
2961.9
2971.33
2973.5
2983.58
2985.68
2996.86
2997.79
3003.18
3010.36
3019.76
3024.63
3032.58
3038.34
3039.38
3047.96
3056.15
3062.58
3064.5
3072.87
3079.14
3083.65
3087.26
3098.6
3102.04
3105.42
3111.58
3120.6
3125.09
3134.02
3140.04
3142.17
3147.88
3154.1
3161.08
3170.97
3171.37
3178.33
3185.22
3194.16
3199.11
3204.01
3211.28
3218.71
3220.69
3227.73
3235.35
3240.91
3244.37
3252.97
3257.02
3262.76
3270.33
3277.22
3282.97
3289.07
3291.9
3302.92
3307.1
3312.85
3317.02
3321.07
3329.48
3337.64
3343.74
3345.92
3353.47
3357.55
3366.28
3373.45
3376.39
3381.05
3390.32
3396.75
3399.64
3410.84
3416.22
3421.33
3423.2
3430.96
3440.36
3446.09
3449.07
3454.53
3460.91
3468.57
3475.26
3480.71
3488.62
3490.33
3499.14
3504.62
3510.42
3514.73
3524.25
3530.28
3533.43
3539.97
3545.76
3554.11
3558.47
3561.94
3570.94
3576.2
3581.84
3586.26
3591.24
3600.41
3607.95
3609.45
3617.18
3625.32
3629.29
3636.84
3639.87
3645.1
3653.98
3659.62
3663.89
3673.9
3677.73
3681.88
3691.08
3696.04
3699.08
3706.73
3713.23
3718.74
3728.89
3729.23
3736.7
3741.34
3751.71
3754.89
3764.35
3770.68
3771.6
3783
3785.69
3789.25
3796.36
3805.59
3809.79
3813.89
3824.82
3828.63
3836.61
3839.23
3846.03
3853.22
3859.23
3861.58
3868.9
3877.21
3881.25
3890.19
3896.46
3902.22
3907.31
3912.61
3917.81
3923.5
3931.12
3938.47
3944.46
3948.32
3952.45
3959.9
3967.13
3973.67
3979.52
3986.36
3990.89
3995.11
4003.19
4005.1
4012.56
4020.27
4024.44
4030.58
4037.82
4046.19
4047.84
4058.6
4061.28
4065.14
4074.34
4081
4084.86
4094.47
4095.55
4102.51
4110.5
4115.73
4123.15
4125.03
4131.31
4142.29
4145.22
4152.97
4155.58
4165.37
4170.39
4178.65
4179.46
4185.96
4191.24
4200.07
4206.55
4213.11
4215.85
4221.96
4230.98
4238.08
4244.2
4246.13
4251.57
4260.71
4268.97
4269.36
4280.62
4284.56
4288.79
4294.41
4300.25
4307.52
4312.7
4321.41
4323.55
4334.38
4336.35
4346.51
4349.26
4353.88
4359.76
4369.74
4376.05
4381.23
4385.34
4389.89
4397.38
4406.61
4409.79
4417.07
4424.73
4429.38
4434.67
4441.58
4443.21
4452.52
4457.71
4466.28
4471.21
4477.12
4482.74
4490.51
4493.94
4502.01
4505.86
4512.07
4519.19
4526.49
4529.41
4533.34
4539.27
4550.39
4552.16
4562.11
4565.06
4573.13
4579.72
4586.08
4589.73
4597.97
4603.53
4606.99
4616.06
4622.92
4625.18
4631.98
4635.55
4642.97
4648.19
4653.23
4660.27
4666.24
4671.48
4678.2
4687.98
4694.4
4699.36
4701.61
4711.67
4718.01
4721.6
4725.05
4736.12
4741.35
4745.87
4754.55
4757.5
4762.13
4768.46
4774.02
4782.03
4789.71
4792.08
4801.5
4805.91
4811.58
4815.65
4826.26
4831.43
4833.28
4844.47
4849.32
4852.23
4859.97
4864.4
4870.72
4879.84
4883.26
4888.32
4898.53
4904.24
4907.29
4913.97
4918.41
4923.48
4930.3
4939.32
4943.57
4951.16
4953.69
4960.38
4967.97
4972.02
4982.05
4987.4
4994.84
4997.66
5003.13
5012.2
5017.01
5021.73
5029.27
5031.43
5041.06
5045.01
5053.81
5060
5063.44
5071.87
5078.19
5084.56
5089.92
5091.65
5098.98
5104.15
5109.75
5118.49
5125.77
5129.43
5134.94
5139.06
5149.43
5152.39
5157.09
5163.59
5170.43
5177.56
5181.27
5188.3
5195.54
5200.84
5207.03
5216.25
5222.22
5224.76
5234.63
5237.66
5244.84
5249.98
5256.44
5260.9
5267.38
5271.28
5280.8
5288.2
5289.77
5296.8
5303.67
5311.47
5316.86
5321.37
5325.78
5334.42
5341.09
5346.57
5352.39
5358.92
5366.43
5372.9
5374.14
5384.84
5386.45
5395.79
5400.72
5407.43
5414.87
5416.2
5424.61
5432.31
5433.66
5444.67
5445.22
5452.12
5458.89
5464.28
5469.15
5477.22
5486.46
5489.97
5498.26
5503.73
5510.01
5516.57
5520.72
5527.45
5530.4
5539.36
5543.06
5551.68
5553.07
5559.49
5567.83
5571.89
5577.36
5583.62
5593.64
5596.94
5603.43
5608.18
5613.82
5620.03
5626.54
5634.42
5639.49
5643.47
5653.31
5660.79
5664.87
5667.35
5678.95
5683.8
5690.02
5691.95
5699.32
5706.26
5711.24
5720.86
5724.21
5731.7
5738.08
5744.79
5749.44
5756.93
5758.88
5765.08
5774.91
5775.41
5784.56
5792.93
5795.92
5803.52
5805.72
5814.87
5819.31
5826.01
5830.02
5838.85
5844.33
5849.97
5858.78
5861.94
5868.21
5872.87
5879.63
5888.05
5889.71
5898.66
5903.27
5910.67
5917.7
5923.78
5926.66
5933.33
5938.85
5946.57
5952.4
5957.63
5961.05
5972.17
5973.8
5979.59
5986.85
0
